9.999950730965707635e-01 3.091211366828837664e-03 5.460722203885443136e-04 -3.373247785680305762e-03
-3.091308950209299775e-03 9.999952060604396786e-01 1.779469392996710906e-04 -2.356716224657282542e-05
-5.455195309498686584e-04 -1.796341405146333981e-04 9.999998350699949023e-01 4.692195255569440418e-04
0.000000000000000000e+00 0.000000000000000000e+00 0.000000000000000000e+00 1.000000000000000000e+00
